4092 3928 5701 
4784 2389 5594 
3997 5681 8182 
4659 7471 1636 
4114 8225 410 
5744 8424 1462 
4671 7185 7133 
5166 1915 8400 
6521 3166 2793 
4562 3115 7893 
4664 3219 405 
5716 5701 118 
6206 7989 3463 
3866 3499 6251 
4534 4007 5580 
4867 6333 1245 
4809 2521 1815 
3881 3989 6521 
6184 1441 2940 
4163 1628 4723 
5608 5793 3361 
5711 7204 65 
5034 4227 4497 
4475 8259 8497 
5556 8059 6507 
4510 640 3360 
4315 4040 4500 
8779 8544 8513 
4692 5340 6003 
4892 6287 7512 
6028 7536 6161 
4718 6248 3947 
5792 6911 3300 
5171 2686 2507 
4111 1780 416 
1824 1873 7089 
5771 6091 3428 
4575 8282 5102 
4934 7347 1773 
4217 4465 730 
5806 1153 6784 
4711 2050 2888 
4961 716 6878 
4078 2042 7657 
2912 8091 5509 
5054 400 7805 
6205 7851 2665 
5165 2216 7504 
5093 4382 303 
4268 4327 7305 
5946 3297 5574 
3880 5910 4261 
4488 537 3852 
3989 943 7228 
4915 6023 4500 
4033 7025 1355 
6086 3809 5320 
5437 4529 6767 
5707 7261 2129 
4556 5497 7382 
5996 6951 6943 
5574 7411 1986 
6257 5357 7503 
5306 5709 6032 
4656 2057 2030 
5518 4684 1141 
4630 1127 6382 
4584 5163 2789 
6006 6661 7673 
4389 5342 6114 
5305 1308 3942 
5470 6112 1213 
4938 1135 8396 
4652 3036 2142 
6009 8015 7599 
6108 4479 38 
4504 6472 8493 
4721 2932 7028 
4806 2993 2731 
3998 5943 8139 
3996 8129 7020 
5578 8036 3045 
5904 1647 5138 
4589 4880 161 
4034 3507 6293 
6258 7447 1162 
3487 5266 7214 
273 8651 8450 
4922 302 3267 
4878 4904 2108 
4040 5362 1264 
4725 82 5022 
5390 7488 6922 
4707 4332 2100 
6100 3893 5699 
4133 4108 4671 
5773 1004 917 
4595 8140 2479 
4302 4154 7927 
6214 7496 6257 
4118 6642 8894 
4289 6150 7375 
7767 1890 6134 
5669 7986 1511 
358 4535 846 
4203 7495 7652 
6839 3186 6033 
4127 4132 4042 
5175 6082 6601 
5397 3259 2837 
5104 1615 7943 
5667 5730 5696 
4889 3501 4996 
5978 7415 1870 
4211 7727 5989 
4951 4930 4974 
5401 245 4101 
5697 5251 6842 
4230 4860 7214 
4374 6798 3996 
6143 8459 4731 
5710 4513 2899 
4696 2550 562 
5120 5197 4294 
8813 6543 4606 
4836 3511 7368 
4351 8386 8026 
3074 4824 6045 
5024 3871 7293 
4644 3492 8054 
5156 4717 5994 
4408 3227 415 
4517 1675 5840 
4189 4165 228 
5108 6688 5900 
5207 7024 4551 
5209 6256 3196 
4799 4778 7804 
4150 430 3399 
6193 7884 5040 
4559 3032 1628 
4804 1203 5631 
5652 4865 4017 
4253 2138 3435 
6146 8977 7541 
5503 2243 4699 
4054 3914 1381 
4122 8944 765 
5317 571 5030 
3943 735 3614 
4965 4941 4754 
6083 6343 6739 
3973 5419 5412 
5062 1726 8154 
7639 1860 4126 
4716 7162 6623 
4105 5473 3027 
3931 4668 5129 
6200 4690 7825 
4924 4905 7892 
5226 4487 2850 
5119 3994 3701 
8443 7717 1108 
6255 1041 6265 
5553 7220 2943 
6097 5553 2116 
5070 4712 5079 
4322 4311 7328 
4843 3024 4865 
4340 5162 458 
4920 1740 3563 
5149 1724 4945 
3952 2949 1993 
5709 2319 7221 
5676 4454 7218 
6008 7240 2702 
4379 4383 8853 
4259 8576 6761 
4453 1645 947 
4555 1150 5103 
4772 4761 4753 
4102 119 4618 
6113 2171 2959 
5436 5776 1173 
4161 2747 1741 
3428 8512 8323 
1155 3428 3011 
5828 8081 5073 
5655 8468 5181 
5722 4223 6070 
4770 619 4720 
4791 1502 7668 
5356 7612 5004 
4962 3929 1876 
5619 2271 6829 
4337 5016 3855 
4688 163 6851 
4827 4212 6441 
5613 3629 3533 
7487 1503 4596 
4567 4391 4465 
4172 3160 4038 
4744 3940 4133 
5534 5178 8757 
4535 846 5453 
5761 4381 4110 
3114 6321 3087 
4968 8298 1490 
4810 1787 8136 
5603 6960 1356 
4428 5873 1755 
4433 1108 4033 
5042 6171 1164 
1401 7456 4898 
6192 1739 4186 
4976 7540 2531 
4669 8529 2494 
4937 5662 5438 
5554 6877 6039 
4021 3145 3160 
5012 5043 2172 
4898 4208 7220 
4185 4987 3639 
4901 1754 5659 
5316 1797 2909 
4056 6419 1750 
4583 7912 7160 
5986 8138 735 
5168 7398 7220 
6035 5040 3191 
4430 7220 4813 
5492 3407 5337 
4682 287 6280 
5317 6495 5441 
4969 4935 4885 
7631 1517 2389 
4658 4443 4135 
4959 4972 3338 
4950 4998 4990 
1059 4124 2013 
467 7653 764 
3371 1416 1278 
4099 6923 3041 
5052 3795 6992 
4844 7669 1073 
5297 5437 1212 
4197 724 7834 
4314 189 3608 
7069 377 4766 
4579 7748 5840 
4749 476 6805 
7095 4366 3378 
970 6976 8218 
4641 4032 5426 
3150 1995 5180 
4871 5509 7167 
4715 1441 8434 
4516 5247 6623 
5490 2770 6955 
6077 5102 1073 
5649 2609 2502 
5523 4709 5300 
5143 4654 6292 
4660 8098 1679 
717 1437 3855 
6087 7148 7688 
4420 3618 4167 
5505 2757 7028 
4853 7765 2575 
4769 8234 4780 
4053 7720 6373 
4258 3697 5548 
6260 8256 6519 
5751 3732 3372 
5570 3051 6983 
3616 6657 7050 
5001 7945 2012 
6096 8237 6765 
6187 4909 5681 
4342 5017 1778 
5348 4035 5543 
4009 3894 3109 
4106 8879 5098 
1321 6534 1466 
4551 7824 7350 
4171 1714 1763 
4714 7855 2569 
5026 2753 4431 
4088 7852 7005 
5798 2264 3259 
3964 5388 2389 
4164 6584 4141 
5068 677 3583 
5151 928 2517 
6170 422 846 
5823 4711 7077 
5957 5918 6920 
4662 4016 7287 
4690 6265 6200 
1513 2434 4534 
4273 5645 7864 
6146 7646 3006 
4176 5682 367 
5036 4094 4358 
8770 5637 1225 
4818 3875 2216 
5482 2725 8482 
7536 5775 5889 
6054 6184 480 
6131 239 6206 
5509 2983 4871 
6157 5760 5073 
4241 5561 5245 
4321 7486 1761 
5216 5076 2401 
5155 5614 2041 
4783 4625 4775 
1897 3511 3130 
365 6053 4993 
1180 5106 6409 
5141 4295 764 
6763 2021 8260 
6442 846 7914 
5231 8613 2463 
4094 3929 601 
5067 5839 3996 
5474 92 4550 
4634 7559 6379 
4758 2776 4488 
2431 3789 656 
4549 2712 256 
5622 1450 2908 
7147 6613 2805 
4840 8757 5293 
6023 7806 2104 
4400 6054 7437 
3930 3534 7203 
149 7825 2658 
3948 2772 4207 
7239 2699 8530 
5769 4203 7300 
4141 6614 3963 
4095 4897 4417 
5396 7544 3307 
4253 2887 7003 
4839 848 998 
5017 2183 1059 
6189 2041 2465 
5725 84 4928 
4546 189 8214 
426 2640 3581 
5601 2422 8999 
4945 5215 4397 
5061 5482 4971 
5659 6023 2608 
4180 4165 5426 
4326 518 8371 
5080 6675 2037 
4996 4889 7371 
6076 4184 2481 
4157 5838 6991 
4484 5658 2008 
5126 5613 6529 
5794 7786 6538 
6272 242 1928 
4551 4330 5182 
5737 1348 3210 
4448 1724 3911 
4998 5009 5711 
5197 2159 4869 
6181 8421 7700 
5301 3771 4427 
3924 958 4361 
4124 8439 903 
6203 7128 6967 
4866 4792 2074 
4143 6576 7204 
4814 1402 5743 
5345 5335 7811 
5049 7872 2149 
5705 2125 6613 
3956 2322 8644 
2780 3600 4560 
5424 4617 491 
4447 4523 8766 
5681 3997 6199 
5459 8868 2791 
5552 2718 1823 
8578 3933 2185 
5783 3120 278 
7820 7846 3190 
4043 3429 5344 
4823 4886 6254 
4999 5006 4974 
5030 2816 5216 
4609 7572 5211 
5035 3319 8567 
5900 1064 8474 
5643 6426 3542 
4954 4793 8498 
4681 3835 4148 
4515 1235 3020 
5894 2005 3421 
4786 8037 5501 
6026 7558 791 
4065 1429 1680 
5602 1387 5943 
2104 4558 2047 
4237 6026 238 
4311 5631 1485 
4885 4969 4935 
4943 4963 4896 
5309 5697 1865 
6223 341 2678 
4491 4447 947 
4730 4174 4179 
3754 4206 2783 
5129 7487 7158 
5179 5436 8392 
4115 3865 2549 
4974 4999 4951 
4130 7142 5850 
3109 8797 8189 
4530 1479 7102 
4845 5242 6927 
4537 2817 7986 
5160 4164 5778 
4987 6188 1194 
5801 7364 8373 
5258 2706 2708 
5002 4850 3066 
4699 5057 2699 
4261 8439 1714 
4449 2928 4486 
4857 7931 6677 
6213 2953 6278 
6112 526 164 
5631 196 2177 
4987 4185 4339 
6104 2096 1450 
4378 7206 3513 
6725 7955 2058 
4276 4397 4009 
5484 6755 1670 
5687 8389 6065 
5614 6818 1337 
4128 3663 8815 
4637 4537 6050 
5191 2605 1803 
4397 7696 1508 
4904 4878 4786 
4678 4709 5523 
5612 4957 7621 
4750 4526 4513 
4986 2873 1276 
4495 8846 1566 
8803 2331 895 
5308 4892 1197 
4560 6891 7385 
5081 1804 2533 
163 5782 2351 
5298 846 6170 
5680 7822 3075 
5640 7382 7998 
4244 4987 1478 
5564 5386 4959 
5489 6092 5578 
5829 3821 8099 
4713 7452 6516 
5959 6657 3382 
5121 5113 5223 
3614 3320 6032 
5225 3283 7456 
7732 5182 7511 
5561 3763 5245 
5388 3964 3433 
4214 7341 982 
6051 3066 7716 
4076 6501 3902 
5663 149 4278 
5416 2076 4468 
3946 4056 3605 
4108 3032 3234 
4841 1869 4942 
4456 1149 2963 
6060 2717 20 
3818 1417 408 
5811 6612 7676 
5820 7894 8706 
6023 7324 1727 
5688 5316 6175 
3893 5082 7981 
2744 8984 1450 
8409 3756 8314 
5078 1965 2130 
5150 4431 5342 
5058 243 2001 
5889 8435 1892 
4333 4719 5639 
3982 3892 5275 
5717 1705 7358 
4488 400 2439 
4134 5694 5325 
6202 1876 7703 
4471 5268 921 
4227 7429 1657 
4803 6647 7212 
6119 6118 5320 
4179 4174 1073 
5220 7529 8861 
4950 2357 7589 
4835 5275 2054 
1930 1538 5615 
5169 4077 2465 
5044 5028 7871 
6195 6446 5782 
6089 4323 3259 
6129 6490 3176 
2283 5157 4412 
4277 8348 7345 
6176 2187 3232 
5679 5671 4484 
5402 5415 2667 
5325 5166 4128 
5212 6077 5102 
5611 1042 6876 
1459 7426 6653 
3858 7847 2342 
6419 4123 4115 
5183 4476 952 
4502 4786 4878 
4538 8521 987 
7781 6583 3738 
336 6160 3403 
5672 3003 5892 
5311 5235 8316 
1131 3970 3422 
4855 8475 5124 
4208 1489 6206 
142 178 1289 
5684 1002 1227 
2851 3062 7512 
3490 1061 1492 
5796 2097 4486 
5627 4555 5103 
4335 3466 3560 
4375 2466 7334 
5742 7695 7781 
5791 4624 2181 
5410 5790 3577 
5307 6507 5298 
5541 7603 2794 
5254 3378 2377 
7416 5255 2133 
5380 3838 3361 
5581 8675 391 
4531 1742 4636 
2001 104 3685 
5950 3267 4922 
5901 4835 6336 
4309 4081 7010 
4431 3952 7669 
4401 2620 777 
4231 6712 2437 
6237 877 3155 
5117 4044 5907 
4251 4230 5409 
5939 7685 3264 
5930 4333 136 
6853 1351 6128 
4680 4384 5853 
4891 1343 1747 
4417 833 4897 
5103 1654 5088 
5391 6334 5553 
5184 302 6093 
4953 7875 2122 
5084 2305 143 
6695 5743 3117 
5267 2902 8083 
6215 3110 698 
4925 6712 3765 
6180 5300 5811 
5264 6867 3259 
6268 8272 1388 
4155 7741 2950 
1468 1904 6784 
5819 8438 1331 
5010 2422 6484 
5702 6129 2819 
5593 4329 7706 
4794 4793 7315 
4543 2980 6840 
3962 4703 8182 
4736 5367 5183 
5980 5975 8127 
7529 232 5429 
5157 5162 458 
5731 1313 6877 
6207 4774 7799 
4290 3373 8459 
5764 6913 5647 
5559 5080 6588 
5124 3060 4273 
4820 5426 7191 
4642 4648 6382 
4460 110 4526 
5240 6600 2756 
5595 463 2599 
5726 8481 3893 
6127 4770 511 
5028 5044 7871 
4845 7085 3078 
5394 8488 3529 
2100 4332 7953 
4874 1982 7342 
5987 7787 1102 
7310 5898 3496 
4175 3454 7567 
4186 5895 4108 
5021 12 4848 
2783 8819 6276 
4967 4924 796 
5008 1482 5015 
4802 6761 1382 
4492 3745 1412 
4445 7737 2256 
5625 1372 3187 
5890 4491 2582 
7792 4944 7236 
4682 3648 6280 
4055 1679 885 
4647 7199 8833 
5721 8999 6819 
3831 3046 3859 
6074 3051 3210 
4776 5315 1092 
6236 2960 1352 
5177 8431 1539 
4521 5609 6366 
4936 1557 1211 
5888 3311 1160 
3942 2304 6921 
8918 2785 6555 
5224 7799 1457 
5562 2066 7518 
5387 6023 456 
6277 7482 8330 
5261 7562 859 
5206 7666 3500 
4395 1264 4367 
5724 8187 746 
7267 3852 6254 
1825 4293 3479 
5153 5335 4364 
5394 7255 4444 
4859 6861 1990 
3859 3315 8247 
4107 243 2229 
5577 5381 3692 
5088 7360 2831 
4788 1848 6894 
4601 5872 7167 
8883 1326 373 
4884 7064 2271 
4177 8362 7584 
1994 7914 6749 
5097 7504 2211 
5774 7197 3686 
5342 7442 415 
1708 7530 6792 
5874 6559 8322 
4751 1868 1213 
3890 4222 7864 
3875 3979 439 
4224 282 3503 
368 430 3023 
4585 4383 4373 
4151 7980 5396 
5674 664 436 
5701 6901 5581 
4677 4689 5217 
6166 5931 7673 
5605 4459 4856 
5266 8376 7006 
3887 3089 3583 
4798 4923 1365 
5606 3799 6516 
6244 630 7161 
3926 7663 3388 
6235 5682 1400 
5833 5530 2041 
5749 1825 8173 
4088 26 8818 
3860 3826 5095 
4764 1667 7274 
3879 3137 5080 
5629 1510 1434 
3176 6102 1246 
5781 1356 7193 
4689 4677 5217 
4066 4523 7657 
4931 1121 5845 
5550 5984 35 
4694 3524 8751 
5537 6108 2577 
8988 6532 4940 
4727 6275 5840 
6046 2737 7263 
5838 8573 29 
3987 2725 342 
5610 4475 2617 
5354 6553 274 
4526 6706 5622 
4201 4054 5843 
5463 7091 6107 
5746 944 7284 
4421 6837 1408 
4427 5110 6782 
6125 1244 1577 
8030 4367 5475 
4188 171 2447 
1890 7767 8299 
5805 6482 2814 
4614 5103 4410 
4215 6865 5066 
4205 1148 6674 
4250 3797 830 
6149 4818 2959 
6000 7393 5745 
5452 1557 6688 
5933 2738 8287 
5756 5928 4018 
5495 1778 3219 
5940 8430 2116 
4190 403 2278 
5318 1668 2160 
4427 2919 1036 
4262 2491 271 
4745 4500 7691 
4062 3938 4641 
6018 4626 7200 
3901 4189 8329 
6173 6171 2567 
4478 4634 7400 
3277 3732 7047 
5597 5070 2181 
3885 6410 4636 
4673 999 5885 
6134 2056 7767 
4896 4879 1635 
6253 5669 417 
5086 5102 6077 
4895 2712 512 
5112 2721 3736 
840 4623 2612 
5740 3202 671 
5144 5139 3690 
4544 3315 5249 
4622 2738 7177 
5579 5395 1569 
6211 5096 1567 
5813 6811 2217 
4158 3797 1712 
6271 6283 4805 
6027 8018 904 
5098 5466 4875 
6004 5638 5492 
5229 1293 7006 
5023 5146 8477 
5497 1655 7109 
7833 1956 1585 
5147 66 6969 
4245 4661 5060 
4851 4477 1630 
5598 2122 315 
4862 4869 1311 
4017 2185 7446 
5039 5608 3047 
5060 4354 7185 
4912 4903 3202 
6326 7733 7058 
5430 7093 4464 
4100 8112 8191 
4403 3859 242 
5882 1499 4514 
4748 4545 1413 
4663 4070 8889 
4405 8382 4461 
4758 2439 580 
4125 2494 2171 
5568 4835 3325 
5507 7769 3250 
4536 4081 2692 
5131 6687 5918 
7721 4102 4186 
4914 3629 2561 
1756 5965 5748 
4528 210 7411 
5322 2948 5131 
4476 1443 4584 
5013 4992 4943 
6001 49 6256 
3833 8171 4291 
5516 2709 6155 
53 7717 2940 
3858 586 3733 
4137 7199 7376 
5116 1754 3642 
4732 979 6154 
4222 3589 4847 
1707 2811 5541 
4573 7810 1635 
4600 4075 4641 
5633 6993 3333 
5363 3732 3281 
1912 6343 2390 
4821 2726 34 
5064 1240 2267 
7612 1431 2203 
4992 4943 4963 
4324 4044 8242 
6227 2818 8512 
4639 2547 4811 
5591 2398 3799 
5040 3863 7075 
6252 3767 7382 
6010 7518 7901 
6266 103 4064 
5767 627 3171 
5927 4013 7044 
5341 6541 748 
4101 3718 2413 
4908 4909 8114 
4399 54 2668 
2066 6508 1181 
4480 4151 3275 
4225 5580 3932 
1329 6659 3150 
5211 2752 5051 
4119 480 8196 
8036 1205 5897 
5235 4315 6776 
5334 2756 2990 
4060 4310 7404 
5350 2811 5882 
6222 8215 8216 
6208 5387 7180 
5411 8602 2306 
5733 6083 6868 
4676 4616 1175 
4618 7161 4641 
4268 5592 4460 
4525 5175 108 
8350 888 8374 
5051 2239 6874 
5775 6601 8386 
3863 5040 4618 
6234 3218 1831 
5438 8313 1867 
3966 3965 8472 
4829 3501 7324 
5333 7798 843 
4234 4042 8529 
4495 1001 5589 
5571 6888 857 
4765 6551 1177 
4800 5779 5724 
6018 3267 2116 
624 6353 7358 
5331 5262 1388 
1656 6094 5699 
3831 5142 7760 
5525 1170 1329 
5928 5756 2215 
4740 2171 7942 
5832 8696 8643 
8448 4775 1464 
3140 4726 3963 
4396 3086 7014 
5488 3389 4391 
5803 8843 3219 
4496 8133 5000 
5471 2297 2065 
6251 6068 1010 
4086 1576 5206 
6034 6736 7578 
4812 2361 8843 
4801 535 1601 
5952 7703 6259 
5822 2011 7345 
6151 7083 7624 
4270 5652 5742 
4687 6281 6640 
5377 3004 5602 
4787 7662 4515 
5878 5192 473 
6188 4987 7738 
5943 1028 1538 
6224 172 7173 
7233 1953 8047 
3568 2690 737 
5173 5261 2706 
4051 6699 5310 
5015 3197 1699 
6043 2875 3700 
6233 1518 1286 
6269 6053 7408 
6217 812 5437 
4455 5311 6112 
6052 8495 1493 
5079 3513 6642 
4511 2939 2713 
6163 6380 5022 
1112 3947 1490 
4984 6020 1411 
5661 3594 3413 
5873 6642 971 
4247 1522 8126 
3960 4928 2338 
4132 4127 6271 
5692 5948 1443 
5027 8700 3851 
3983 3883 8508 
5462 5713 4405 
4939 5166 8459 
3957 6452 5319 
4063 7126 6630 
5802 157 2085 
5752 5921 6942 
4096 3307 6237 
4410 4477 6404 
4212 7945 4827 
4933 1075 4502 
5778 6712 4164 
4254 3978 6206 
3865 590 8406 
4550 8599 4095 
5118 5111 4689 
4081 4087 1154 
4010 7177 8253 
6231 3284 5512 
6220 1040 3531 
5635 7233 1953 
4856 447 913 
4629 5840 8182 
4819 4655 8434 
4057 5159 6396 
5154 161 400 
4708 8572 8218 
4287 8609 8608 
5810 2844 3884 
4458 3098 7613 
5135 8506 6112 
5994 7045 5156 
6218 7728 6663 
5747 1310 7864 
3855 7825 102 
5217 4689 4677 
5834 5510 4127 
8507 3139 1573 
5753 5758 4862 
4932 8901 8898 
5730 90 5667 
4098 3832 1736 
5580 70 7151 
4075 4064 41 
4195 7795 3916 
5647 8625 8761 
6838 4095 7099 
3949 7168 5032 
3869 3997 3103 
4109 5243 5292 
6248 3257 5171 
5421 7831 4508 
4710 2203 7929 
4755 5827 985 
6099 782 3568 
5161 5648 1064 
4508 737 3596 
5408 1994 2469 
4695 343 1045 
4725 82 1739 
6094 3127 6760 
4893 1705 3536 
5056 4629 2115 
5187 2617 3458 
5037 2016 8140 
4763 4379 8397 
4256 1485 1684 
5496 157 7284 
4265 3886 4831 
5076 5177 5669 
5569 8378 3590 
5636 1933 8967 
5506 2747 3484 
6177 4519 1788 
4238 3580 2238 
3892 2765 6125 
4709 6104 4678 
